# go2_eskf slip MLP weights
# trained 2026-09-25T00:01:09 by auto_train_slip.py
# hidden=16 epochs=1500 rows=27473 runs=6
# source: run_20260924-231020.csv run_20260924-231711.csv run_20260924-231924.csv run_20260924-232308.csv run_20260924-233316.csv run_20260925-000101.csv
# label = clip(|v_leg - v_truth| / 0.3, 0, 1)
# held-out check on run_20260925-000101.csv: candidate BCE 0.6186 vs previous 0.6186
input_dim 8
mean 0.0403488586760972 -0.003623279229546398 0.0069913428357732746 0.24283174143356473 9.4879110815944241 22.905933474843241 3.8239806072799047 0.5
std 0.11400180799615499 0.16482149495698284 0.67116891329377959 0.1349256657360218 4.6810859029657568 9.8134344650108556 1.2023887189137594 1
layers 3
layer 8 16 relu
0.3875114917755127 -0.099900960922241211 -0.65464860200881958 -0.49757418036460876 0.10816967487335205 0.55613476037979126 -0.51734083890914917 0.28032875061035156
0.3037339448928833 0.39288061857223511 -0.15716791152954102 0.21474768221378326 -0.98886716365814209 0.44319286942481995 -0.091771475970745087 0.013096880167722702
0.3657977283000946 0.44403201341629028 0.040834695100784302 -0.48780223727226257 -0.35127496719360352 0.53538429737091064 -0.058612369000911713 0.26456815004348755
-0.24483460187911987 0.042770128697156906 -0.20851577818393707 0.027241149917244911 -1.0030596256256104 0.53336095809936523 -0.37776955962181091 0.30547040700912476
-0.55165195465087891 -0.27603492140769958 -0.41983231902122498 -0.21093142032623291 -0.32954227924346924 0.8837130069732666 0.64012604951858521 0.17135761678218842
0.1829906702041626 -0.19021199643611908 0.024652784690260887 0.067451074719429016 0.50553607940673828 -0.29035109281539917 0.82830297946929932 0.20729584991931915
-0.5449378490447998 0.48045507073402405 -0.27264693379402161 0.23262247443199158 0.8507733941078186 0.14938822388648987 0.17221742868423462 -0.20817306637763977
-0.52209174633026123 -0.76570260524749756 -0.14863421022891998 -0.034628290683031082 -0.45121687650680542 0.44244015216827393 -0.14234912395477295 0.10681098699569702
-0.50699764490127563 0.16518120467662811 -0.042295143008232117 0.39269718527793884 0.88706374168395996 0.23127768933773041 0.37454071640968323 -0.12956660985946655
0.18574012815952301 0.72234565019607544 -0.069025993347167969 0.056146528571844101 0.47996905446052551 -0.49147745966911316 0.057519227266311646 -0.22118489444255829
-0.3301410973072052 0.27657786011695862 0.2673279345035553 -0.059879008680582047 -0.85519325733184814 1.0378037691116333 -0.2038084864616394 -0.1618414968252182
0.02702670730650425 -0.842784583568573 0.21546740829944611 0.038907196372747421 -0.15041378140449524 -0.1043451726436615 -0.038658265024423599 -0.22934898734092712
-0.071078002452850342 -0.33475291728973389 -0.0061706993728876114 -0.18631680309772491 -0.091851592063903809 0.95911639928817749 -0.083082206547260284 -0.088984005153179169
-0.79279214143753052 -0.22787497937679291 -0.40119221806526184 0.2806553840637207 0.076882451772689819 0.29628670215606689 0.33906719088554382 0.2097906619310379
-0.382680743932724 0.65449875593185425 0.20017874240875244 0.097010962665081024 0.23142987489700317 -0.33915361762046814 -0.032591450959444046 0.083853766322135925
-0.21520484983921051 0.25993698835372925 0.21483851969242096 0.61701220273971558 -0.78657549619674683 -0.026469632983207703 -0.062234975397586823 -0.17222057282924652
-0.52027326822280884 -0.29008477926254272 -0.53651362657546997 0.67671537399291992 0.52562540769577026 0.34248870611190796 0.098924577236175537 0.22645433247089386 0.12910839915275574 -0.061594437807798386 0.37573963403701782 -0.096033491194248199 1.1286983489990234 0.24716669321060181 0.45072764158248901 0.24011945724487305
layer 16 16 relu
-0.35481837391853333 -0.2648138701915741 0.052093416452407837 -0.057419836521148682 -0.51596474647521973 -0.2523072361946106 -0.16688568890094757 0.31065693497657776 0.50162184238433838 -0.12258704751729965 -0.18568451702594757 -0.39303883910179138 0.49563312530517578 0.21711787581443787 -0.0533454529941082 -0.66009038686752319
0.24402967095375061 -0.6200605034828186 -0.43382400274276733 -0.2593037486076355 -0.18128581345081329 0.095517389476299286 0.27780154347419739 -0.049637544900178909 0.024937184527516365 -0.78542649745941162 -0.056136813014745712 -0.18384428322315216 0.48493289947509766 0.19898270070552826 0.14872419834136963 0.72502398490905762
0.5584338903427124 0.21611775457859039 0.368308424949646 -0.38730224967002869 0.28634417057037354 -0.46453282237052917 -0.083012230694293976 0.21218959987163544 -0.093906916677951813 -0.029745232313871384 0.55937159061431885 0.40401977300643921 -0.36222720146179199 0.4977913498878479 0.97767233848571777 -0.2032032310962677
-0.68092316389083862 0.61812597513198853 -0.8672146201133728 -0.58845317363739014 -0.11549817025661469 -0.34241470694541931 0.30268368124961853 0.54506474733352661 0.079930819571018219 0.057141173630952835 -0.046722427010536194 0.31917953491210938 -0.82503312826156616 0.089684963226318359 0.15575408935546875 0.13103124499320984
-0.73669999837875366 -0.042533058673143387 0.27828815579414368 0.38864001631736755 -0.20311102271080017 -0.086959578096866608 0.073576465249061584 0.044328253716230392 0.16277371346950531 -0.12191255390644073 0.54516780376434326 -1.3280975818634033 -0.25120097398757935 0.34672880172729492 0.071019098162651062 0.27386075258255005
-0.30484482645988464 0.021741019561886787 -0.26422834396362305 -0.17607322335243225 -0.14301280677318573 -0.13956508040428162 -0.1098141223192215 0.14104534685611725 -0.075747586786746979 0.11199741810560226 0.055021289736032486 -0.24834862351417542 0.035439345985651016 -0.26003122329711914 -0.20918759703636169 -0.0402417853474617
0.0096090426668524742 0.59298044443130493 0.42072629928588867 -0.7163432240486145 0.1196611076593399 -0.54588830471038818 0.44668275117874146 0.41082146763801575 0.096592150628566742 0.18212945759296417 -0.099203169345855713 0.62315726280212402 0.27369704842567444 0.33862051367759705 0.1212431862950325 -0.11291270703077316
0.016894306987524033 -0.073580160737037659 -0.034948825836181641 -0.30562350153923035 -0.03154517337679863 0.26219066977500916 0.32004967331886292 0.44113931059837341 0.23596344888210297 -0.38284707069396973 -0.025392191484570503 0.48148271441459656 0.20519669353961945 0.15635287761688232 0.22162964940071106 0.22234351933002472
-0.61693644523620605 0.37722602486610413 -0.56992751359939575 -0.30385717749595642 -0.088825441896915436 -0.27162915468215942 0.33684486150741577 0.38514742255210876 0.48243880271911621 -0.11675103008747101 0.10331036895513535 0.15987935662269592 -0.058540720492601395 0.33940351009368896 0.060507483780384064 0.09678378701210022
-0.513785719871521 0.33782848715782166 -0.21518334746360779 0.61211401224136353 0.12160874903202057 -0.044823531061410904 -0.16024179756641388 -0.45478636026382446 0.48611295223236084 -0.13475680351257324 -0.033167578279972076 -0.1648985743522644 -0.032578200101852417 0.086466968059539795 -0.52680182456970215 0.083033271133899689
0.17566913366317749 -0.13828819990158081 -0.53772222995758057 0.43228840827941895 0.53995323181152344 -0.047570202499628067 -0.50828951597213745 -0.45052474737167358 0.064738340675830841 0.23524884879589081 0.23832257091999054 -0.14773347973823547 0.21674118936061859 0.21359165012836456 0.31194767355918884 -0.41090920567512512
0.60938417911529541 -0.49145075678825378 -0.46157950162887573 0.40864971280097961 0.22900882363319397 0.31686350703239441 0.073547244071960449 -0.021761443465948105 0.26828533411026001 -1.015116810798645 -0.46561554074287415 0.084716282784938812 0.4085252583026886 0.27020555734634399 -0.22790950536727905 0.64442670345306396
-0.16261957585811615 -0.49637323617935181 0.061582684516906738 0.43123751878738403 -0.21376274526119232 -0.10730233043432236 0.76920437812805176 0.8796270489692688 -0.86984699964523315 0.42938393354415894 0.30765649676322937 0.33115139603614807 -0.30992260575294495 -0.074231192469596863 0.21408338844776154 -0.56637662649154663
0.33874052762985229 0.55527520179748535 0.24215523898601532 -0.16962544620037079 0.32444345951080322 0.44265240430831909 -0.10392076522111893 0.084869712591171265 -0.28963178396224976 -0.63820964097976685 -0.51850491762161255 0.88742190599441528 0.29490786790847778 0.53331756591796875 0.12846164405345917 -0.066735528409481049
-0.32248979806900024 -0.50900077819824219 -0.33638402819633484 0.6283079981803894 -0.5902411937713623 -0.017431221902370453 -0.57985991239547729 -1.0516960620880127 0.23135809600353241 0.1102781742811203 -0.38862523436546326 -0.18790313601493835 0.58581703901290894 0.61129301786422729 -0.044973354786634445 0.067292273044586182
0.18642708659172058 0.64661478996276855 -0.23924961686134338 -0.36963900923728943 -0.62434011697769165 0.10561139136552811 0.56416583061218262 0.78082555532455444 0.35142776370048523 -0.23282600939273834 -1.0049682855606079 -0.22821947932243347 0.45500290393829346 -0.42434671521186829 0.34840846061706543 -0.1154734268784523
0.82443225383758545 0.5941765308380127 -0.25389793515205383 0.30276936292648315 -0.79599076509475708 -0.29164078831672668 0.12752130627632141 0.39175567030906677 0.050134941935539246 0.34589093923568726 -0.27046531438827515 0.28854700922966003 -0.024973129853606224 0.20113667845726013 0.002372062299400568 0.046865243464708328
layer 16 1 sigmoid
-0.65604335069656372 -0.65594905614852905 0.45547962188720703 0.75836706161499023 0.54726094007492065 -0.050265807658433914 0.48798054456710815 0.35562744736671448 0.33307206630706787 -0.60942298173904419 0.43327000737190247 -0.64827466011047363 0.49731206893920898 0.49797669053077698 0.97991567850112915 0.94557541608810425
0.26522475481033325
