# go2_eskf slip MLP weights
# trained 2026-09-24T00:42:30 by auto_train_slip.py
# hidden=16 epochs=1500 rows=27802 runs=4
# source: run_20260924-002833.csv run_20260924-002834.csv run_20260924-003732.csv run_20260924-004222.csv
# label = clip(|v_leg - v_truth| / 0.3, 0, 1)
# held-out check on run_20260924-004222.csv: candidate BCE 0.6194 vs previous 0.6194
input_dim 8
mean 0.044594655658915995 -0.001853119816942515 -0.0058288100983936867 0.24242825852607935 8.3062682044209453 20.467426526509481 3.692213166326177 0.50003596863534994
std 0.11483369788555461 0.15429696033522958 0.69783132476395882 0.1270035841575628 4.8900180599914362 10.592795694414793 1.2871360037604991 0.0042406395664161961
layers 3
layer 8 16 relu
0.57538342475891113 -0.19372732937335968 -0.16473706066608429 0.069899328052997589 -1.117449164390564 0.17489069700241089 -0.6425444483757019 0.11330024152994156
-0.35006815195083618 -0.64685475826263428 -0.31266263127326965 0.15884523093700409 -1.0458352565765381 -0.27386704087257385 -0.12318164110183716 -0.19383837282657623
0.5603981614112854 0.23276649415493011 -0.5621301531791687 -0.7063717246055603 -0.27613341808319092 0.50715690851211548 0.2380802184343338 0.10897816717624664
-0.16045290231704712 0.023203646764159203 -0.093646854162216187 0.0029893021564930677 -0.61522877216339111 0.22831001877784729 -0.23561660945415497 0.23988839983940125
-0.68389606475830078 -0.63073426485061646 -0.27734729647636414 -0.52314835786819458 -0.71745920181274414 1.1275571584701538 0.35062351822853088 -0.052200041711330414
0.0476531982421875 0.18688403069972992 0.026085304096341133 0.07751784473657608 -1.4174414873123169 1.2469801902770996 0.11659649014472961 0.0063636414706707001
-0.12771371006965637 0.59519422054290771 -0.38036951422691345 0.55119508504867554 0.19115065038204193 0.15250198543071747 -0.32044106721878052 -0.026994185522198677
0.16088247299194336 -0.89485961198806763 0.095226332545280457 -0.058303039520978928 -0.23121677339076996 0.38924908638000488 -0.10210791975259781 -0.081327371299266815
0.033196635544300079 0.40869861841201782 0.10678443312644958 0.43817093968391418 1.6128249168395996 0.45949804782867432 0.58642768859863281 0.12295926362276077
-0.0024252654984593391 0.67937368154525757 -0.51348870992660522 0.18399588763713837 0.49974247813224792 -0.21349279582500458 0.023938240483403206 -0.92987114191055298
-0.59955555200576782 0.074551478028297424 -0.17176346480846405 -0.43322911858558655 -0.15278702974319458 0.30173102021217346 0.14207348227500916 -0.58424419164657593
0.094477668404579163 -1.020154595375061 -0.13014964759349823 0.51936089992523193 -0.35388070344924927 0.21943092346191406 -0.25914755463600159 -0.29914575815200806
0.11778977513313293 -0.12952485680580139 -0.73181068897247314 -0.18102821707725525 0.37495362758636475 0.39282691478729248 -0.48028314113616943 -0.32765060663223267
-0.38959953188896179 0.02267068438231945 -0.54758369922637939 0.047024261206388474 -1.1318849325180054 0.11252221465110779 -0.11203987151384354 -0.10478805750608444
-0.82939392328262329 -0.11062399297952652 -0.0093323606997728348 -0.68862402439117432 0.42155411839485168 -0.21904471516609192 -0.057295225560665131 0.037297669798135757
-0.27702262997627258 0.50575906038284302 0.23337692022323608 0.23800091445446014 -0.98091083765029907 -0.26229396462440491 -0.24317550659179688 -0.39073002338409424
-0.14344002306461334 0.51360362768173218 -0.3233751654624939 0.49455910921096802 0.11544109135866165 0.136021688580513 -0.076402485370635986 -0.082284480333328247 -0.84545606374740601 0.67886555194854736 0.49423551559448242 0.17964261770248413 0.57374954223632812 0.89241820573806763 -0.17092704772949219 0.19364990293979645
layer 16 16 relu
-0.29970496892929077 -0.036516524851322174 0.41578578948974609 0.69052213430404663 0.10021400451660156 -0.16962724924087524 0.11685889959335327 -0.15677942335605621 0.60865873098373413 -0.5160796046257019 0.26673763990402222 0.60961580276489258 0.25972762703895569 -0.69103837013244629 -0.77665024995803833 -1.7400285005569458
-0.22575660049915314 -0.015129871666431427 -0.22559131681919098 -0.067634664475917816 -0.46235072612762451 0.2532641589641571 0.13606067001819611 0.034269556403160095 0.34588149189949036 0.39446958899497986 -0.19449731707572937 0.71773833036422729 0.17524158954620361 0.053072411566972733 -1.1885406970977783 -0.23566266894340515
-0.50172966718673706 -0.28594619035720825 -0.023148927837610245 -0.36845114827156067 -0.51418685913085938 -0.19622653722763062 0.473724365234375 0.21329666674137115 1.0003155469894409 0.21894922852516174 0.14951731264591217 0.18473224341869354 -0.1037517786026001 0.42328965663909912 0.99583941698074341 0.50987941026687622
-0.71824270486831665 -0.4137108325958252 -0.19738081097602844 -0.028888911008834839 -0.69088757038116455 -0.2970021665096283 -0.0060006808489561081 0.60665237903594971 0.29169800877571106 0.49645951390266418 0.12913982570171356 0.042676772922277451 -0.23904427886009216 0.29142221808433533 -0.056514643132686615 0.44629773497581482
-0.055620592087507248 0.11680541932582855 -0.29443073272705078 -0.45190492272377014 0.38688245415687561 -0.29934677481651306 0.40384024381637573 0.6788446307182312 0.10620449483394623 -0.39815428853034973 0.609649658203125 0.2958204448223114 0.14602412283420563 0.79387152194976807 0.0066478699445724487 -0.52724617719650269
-0.29931944608688354 0.029521677643060684 -0.26847261190414429 -0.16850173473358154 -0.14329519867897034 -0.11830881237983704 -0.1123177781701088 0.13942596316337585 -0.074626423418521881 0.11214008927345276 0.05691860243678093 -0.24782136082649231 0.03515981137752533 -0.25936886668205261 -0.20831508934497833 -0.034235991537570953
0.091156788170337677 0.54087281227111816 -0.28049629926681519 -0.11943308264017105 -0.029041122645139694 -3.0157043933868408 0.12640710175037384 -0.59612953662872314 -0.27628698945045471 0.82732528448104858 -0.45164912939071655 0.20188173651695251 0.17529481649398804 -1.0489317178726196 -1.2613970041275024 0.043410208076238632
-0.66255569458007812 0.44475007057189941 0.061938609927892685 -0.49910980463027954 -0.40764188766479492 -0.36795687675476074 0.50596702098846436 1.0355654954910278 0.54264277219772339 -0.15535534918308258 -0.25500249862670898 0.044154725968837738 0.26713678240776062 0.13503116369247437 0.18170000612735748 0.14691880345344543
-0.4100973904132843 0.10975989699363708 0.38199535012245178 -0.35210910439491272 0.019696863368153572 -0.043586090207099915 0.57941097021102905 -0.52053338289260864 0.14759151637554169 -0.37631061673164368 -0.76860523223876953 0.71976971626281738 -0.25113102793693542 0.41804301738739014 0.64343184232711792 0.44141581654548645
-0.02384326234459877 0.44244077801704407 -0.61909091472625732 0.017107542604207993 0.63628274202346802 0.41729384660720825 -0.21934361755847931 0.036174517124891281 0.14848068356513977 -0.25317546725273132 0.42078933119773865 -0.41421258449554443 -0.067054323852062225 0.33917480707168579 0.023008134216070175 0.15067870914936066
-0.7018744945526123 -0.42801043391227722 -0.65555137395858765 -0.09546235203742981 0.74000555276870728 -0.4704551100730896 0.066920608282089233 -0.43872594833374023 0.18584474921226501 -0.51244664192199707 0.17354491353034973 0.73352855443954468 0.074618995189666748 0.21500097215175629 -0.10189990699291229 0.45752957463264465
-0.34927463531494141 0.59725791215896606 0.25662189722061157 -0.0082907825708389282 0.22389572858810425 0.040013168007135391 0.24631591141223907 0.22499869763851166 0.56557124853134155 -0.93679296970367432 -0.03043266199529171 0.24427905678749084 0.50238949060440063 -0.034569267183542252 0.37033852934837341 0.29541924595832825
0.11946506053209305 0.26601004600524902 -0.98556965589523315 0.74867331981658936 -0.11222030967473984 1.0078617334365845 0.13067159056663513 0.58860021829605103 -0.59614002704620361 0.12846753001213074 -0.40376174449920654 -0.51834714412689209 0.53382194042205811 0.20494525134563446 -0.42671996355056763 -0.30473700165748596
-0.058112498372793198 -0.22594268620014191 0.026188209652900696 0.42255404591560364 -1.2539064884185791 0.77902680635452271 -0.31661060452461243 -0.34505626559257507 0.19065263867378235 -0.30157753825187683 0.71406406164169312 0.56499290466308594 -0.10878081619739532 0.40769705176353455 0.43303260207176208 -0.73565864562988281
-0.89202457666397095 0.019358368590474129 -0.6423952579498291 0.098259024322032928 -0.34971842169761658 -0.46025159955024719 0.38340026140213013 0.046116109937429428 0.14564445614814758 -0.01243200059980154 -0.21122442185878754 -0.48293477296829224 0.69453150033950806 0.28129315376281738 -0.47805440425872803 0.35690802335739136
0.17311440408229828 0.37011069059371948 0.52979165315628052 -0.9339606761932373 0.37037310004234314 0.91570252180099487 0.52480053901672363 0.00093917851336300373 -0.011225721798837185 0.016555624082684517 -0.46697738766670227 0.60019397735595703 0.050748784095048904 -0.63319861888885498 -0.19104371964931488 0.34495684504508972
0.10953813791275024 0.74752599000930786 -0.11827398091554642 0.15970993041992188 -0.51515233516693115 -0.29016071557998657 0.53340256214141846 0.11932849138975143 -0.28604444861412048 0.15120410919189453 -0.39422637224197388 0.085458651185035706 0.0275538619607687 -0.39812105894088745 0.049153897911310196 -0.16727140545845032
layer 16 1 sigmoid
-0.55815547704696655 -0.86253452301025391 0.48589551448822021 0.62409752607345581 0.58566826581954956 -0.051976118236780167 1.0566291809082031 0.61979901790618896 0.68444192409515381 -0.52837657928466797 0.67086702585220337 -0.67020320892333984 0.43077409267425537 0.86747676134109497 -0.78288954496383667 0.84333211183547974
0.4276604950428009
