# go2_eskf slip MLP weights
# trained 2026-09-24T23:33:23 by auto_train_slip.py
# hidden=16 epochs=1500 rows=24013 runs=5
# source: run_20260924-231020.csv run_20260924-231711.csv run_20260924-231924.csv run_20260924-232308.csv run_20260924-233316.csv
# label = clip(|v_leg - v_truth| / 0.3, 0, 1)
# held-out check on run_20260924-233316.csv: candidate BCE 0.6250 vs previous 0.6280
input_dim 8
mean 0.040461149295215923 -0.0032314884010419386 0.0042501225396368199 0.24452433215268113 9.3381382468098089 22.622882692184238 3.807028971186472 0.5
std 0.11496227636313963 0.16807895344261475 0.67733539672661547 0.13642064058509173 4.7101315477678041 9.9230090607858887 1.2107340530327571 1
layers 3
layer 8 16 relu
0.25358358025550842 0.073112532496452332 -0.59651201963424683 -0.51547765731811523 -0.8095703125 0.93972402811050415 -0.21532292664051056 0.28032875061035156
-0.31206715106964111 -0.022723047062754631 -0.80369454622268677 0.53484261035919189 -1.2971323728561401 0.79148352146148682 0.17319108545780182 0.013096880167722702
0.51972132921218872 0.42247143387794495 -0.10285704582929611 -0.26053774356842041 -1.0143798589706421 1.0041834115982056 0.17814791202545166 0.26456815004348755
-0.17672736942768097 0.32112634181976318 0.088346205651760101 -0.077015168964862823 -1.366431713104248 1.1561410427093506 -0.37611052393913269 0.30547040700912476
-0.34696516394615173 -0.82915467023849487 0.13095872104167938 -0.046918157488107681 0.38646620512008667 0.46772637963294983 0.13950830698013306 0.17135761678218842
-0.10501830279827118 0.11508981138467789 0.112413689494133 -0.22038714587688446 0.7774965763092041 -0.85605305433273315 0.90708649158477783 0.20729584991931915
-0.36960941553115845 0.69109421968460083 -0.50134140253067017 0.42619380354881287 0.82462090253829956 0.042999267578125 0.11188573390245438 -0.20817306637763977
-0.27853003144264221 -0.68027359247207642 0.016227420419454575 -0.11706226319074631 0.036706220358610153 0.1599513441324234 -0.054015137255191803 0.10681098699569702
-0.39942261576652527 -0.38341152667999268 -0.41723307967185974 -0.46006962656974792 1.0317298173904419 1.179814338684082 0.016700340434908867 -0.12956660985946655
0.29938402771949768 0.89594238996505737 -0.14635004103183746 0.10437678545713425 0.28826901316642761 0.011792068369686604 -0.022872965782880783 -0.22118489444255829
-0.68458765745162964 0.32949131727218628 -0.016668660566210747 -0.52219218015670776 -0.82518637180328369 0.36990341544151306 -0.36243864893913269 -0.1618414968252182
0.16782869398593903 -0.83908593654632568 0.16622383892536163 0.045699659734964371 -0.077978715300559998 -0.0037652458995580673 -0.16324573755264282 -0.22934898734092712
0.0007278970442712307 -0.092508956789970398 -0.090469568967819214 -0.058617845177650452 0.13321420550346375 0.69224625825881958 0.11189325898885727 -0.088984005153179169
-0.93151968717575073 -0.13852798938751221 -0.010549561120569706 0.43555295467376709 -0.15389624238014221 0.87726235389709473 -0.0097464565187692642 0.2097906619310379
-0.28649899363517761 0.70142835378646851 0.19427329301834106 0.16631609201431274 -0.081794075667858124 -0.11419348418712616 0.024026356637477875 0.083853766322135925
-0.45026132464408875 -0.09412713348865509 0.37203973531723022 0.73002946376800537 -0.69420778751373291 -0.53522574901580811 -0.053327228873968124 -0.17222057282924652
-0.076091766357421875 0.21962477266788483 -0.17736957967281342 0.52508366107940674 0.35510545969009399 -0.03698691725730896 -0.25945568084716797 0.015521720983088017 -0.025687133893370628 0.35444867610931396 0.36455550789833069 -0.032671786844730377 1.2368224859237671 0.61153531074523926 0.34598466753959656 0.26193016767501831
layer 16 16 relu
-0.36277186870574951 -0.35293996334075928 -0.010733412578701973 -0.44072762131690979 -0.070642396807670593 -0.080961547791957855 -0.15715444087982178 0.33151531219482422 0.54795950651168823 -0.17811188101768494 -0.51849353313446045 0.49814686179161072 0.49886235594749451 0.5201185941696167 0.11144567281007767 -0.27748429775238037
0.095657907426357269 -0.16187219321727753 0.13877910375595093 -0.23704482614994049 -0.20405828952789307 -0.54261434078216553 0.48162737488746643 0.037391755729913712 0.16767989099025726 -0.74985986948013306 -0.001369497855193913 -0.12461347877979279 0.61891496181488037 0.32187771797180176 -0.10254872590303421 0.66565322875976562
-0.13790467381477356 -0.19832831621170044 0.56305211782455444 -0.775390625 0.62150323390960693 -0.32838684320449829 0.38023713231086731 0.57890921831130981 0.26885947585105896 -0.048944339156150818 0.70779293775558472 -0.36062073707580566 -0.30608737468719482 0.34500974416732788 0.4697892963886261 0.7024153470993042
-0.11736064404249191 -0.14199389517307281 0.025845037773251534 -0.49543514847755432 -0.10266394913196564 -0.58154475688934326 0.20947295427322388 0.4979916512966156 0.19455118477344513 0.05644538626074791 -0.15570995211601257 0.15131761133670807 -0.80744069814682007 0.19567784667015076 0.68587124347686768 0.11395194381475449
-0.92246657609939575 0.28611928224563599 0.54685544967651367 0.34234288334846497 0.15328250825405121 0.53513127565383911 0.18389125168323517 0.87369799613952637 -0.18417550623416901 -0.21690364181995392 0.13266538083553314 0.18805137276649475 -0.65817743539810181 0.20239430665969849 0.54494667053222656 -0.54198992252349854
-0.30718150734901428 0.025258671492338181 -0.26469659805297852 -0.17211705446243286 -0.14166064560413361 -0.13492503762245178 -0.11054649949073792 0.13907191157341003 -0.078755587339401245 0.11204555630683899 0.056872904300689697 -0.24831447005271912 0.03449895977973938 -0.26114121079444885 -0.20813541114330292 -0.038969911634922028
0.30921879410743713 0.17725606262683868 0.55374926328659058 -0.64467281103134155 0.34647771716117859 -0.44915464520454407 0.30502742528915405 0.18704517185688019 0.089842185378074646 -0.11476431787014008 0.0066201696172356606 0.8452068567276001 0.19414858520030975 0.10229568928480148 0.3244803249835968 0.14960257709026337
-0.65723562240600586 -0.0039378907531499863 0.054144278168678284 -0.35951948165893555 0.26935997605323792 0.011179057881236076 0.40865835547447205 0.31481471657752991 0.41456738114356995 -0.1530972421169281 0.72679436206817627 0.28337663412094116 -0.025096835568547249 0.26184374094009399 0.06393817812204361 0.41810497641563416
-0.20091521739959717 0.34841272234916687 -0.87046623229980469 -0.34755134582519531 0.088880099356174469 -0.047166243195533752 0.44729804992675781 0.16181804239749908 0.017342941835522652 0.19949610531330109 -0.34516224265098572 -0.030406223610043526 -0.28480947017669678 0.62131273746490479 0.12983502447605133 -0.054481610655784607
0.14816208183765411 0.68812954425811768 -0.1537511944770813 0.50241905450820923 -0.14513731002807617 -0.11983226984739304 0.21320542693138123 -0.22992958128452301 0.51864540576934814 -0.38926953077316284 0.32057401537895203 -0.16136267781257629 0.050134304910898209 0.1227029487490654 -0.10595786571502686 0.39380538463592529
0.82179355621337891 -0.26988181471824646 -1.2041561603546143 0.14561495184898376 0.081184647977352142 -0.10860218852758408 -0.062499221414327621 -0.069227196276187897 0.31918469071388245 0.66249072551727295 0.53852313756942749 -0.27006989717483521 0.059110652655363083 0.26697856187820435 0.35334804654121399 -0.24086105823516846
0.48167821764945984 0.52171432971954346 -0.36121800541877747 0.22483064234256744 -0.014716361649334431 0.40095025300979614 0.3941652774810791 -0.093758903443813324 0.36858859658241272 -0.91411960124969482 0.11957500129938126 0.12911738455295563 0.49538400769233704 0.15253451466560364 -0.10554265230894089 0.47436094284057617
-0.40305846929550171 0.83270889520645142 0.25560373067855835 0.25264772772789001 -0.57611870765686035 -1.4671247005462646 -0.039362866431474686 -0.53961396217346191 0.71473526954650879 0.080511324107646942 0.30398055911064148 0.78358751535415649 -0.62825906276702881 -0.075922481715679169 -0.37267512083053589 -0.4524594247341156
0.025050651282072067 0.85432738065719604 0.27777749300003052 0.32696118950843811 0.25625389814376831 0.1077626496553421 -0.0049097780138254166 0.16458261013031006 0.064155533909797668 -1.5704114437103271 -0.14949981868267059 -0.17185662686824799 -0.15341266989707947 0.50557106733322144 -0.090125925838947296 -0.1131988912820816
-0.46082884073257446 0.60555237531661987 0.13611322641372681 0.70049065351486206 -0.56485962867736816 -0.16368240118026733 -0.50694137811660767 -0.27857983112335205 0.27389317750930786 -0.58650660514831543 -0.29157719016075134 0.57346290349960327 0.31553763151168823 -0.095462217926979065 0.3700999915599823 -0.23365394771099091
0.58601921796798706 -0.071012601256370544 0.14866389334201813 -0.61839455366134644 0.18941149115562439 0.10777531564235687 0.5911557674407959 0.33410981297492981 0.27973395586013794 0.036681398749351501 0.046702995896339417 0.65417361259460449 0.57725095748901367 -0.57468479871749878 0.041870199143886566 0.14717398583889008
0.60206800699234009 0.13215446472167969 0.094339765608310699 0.2066529244184494 -0.40504688024520874 -0.29131776094436646 0.054314743727445602 0.40516975522041321 0.2209511399269104 0.51098626852035522 -0.29453262686729431 0.28827929496765137 -0.29953128099441528 0.042202737182378769 -0.14687231183052063 0.068230569362640381
layer 16 1 sigmoid
-0.59686118364334106 -0.65800541639328003 0.54384320974349976 0.59409868717193604 0.61951088905334473 -0.050809122622013092 0.45186462998390198 0.50646257400512695 0.39986228942871094 -0.64808124303817749 0.60505378246307373 -0.59773695468902588 0.52697539329528809 0.4396703839302063 0.85884547233581543 0.63865739107131958
0.026044130325317383
