# go2_eskf slip MLP weights
# trained 2026-09-24T01:12:44 by auto_train_slip.py
# hidden=16 epochs=1500 rows=42831 runs=6
# source: run_20260924-002833.csv run_20260924-002834.csv run_20260924-003732.csv run_20260924-004222.csv run_20260924-004958.csv run_20260924-011234.csv
# label = clip(|v_leg - v_truth| / 0.3, 0, 1)
# held-out check on run_20260924-011234.csv: candidate BCE 0.6171 vs previous 0.6171
input_dim 8
mean 0.043427638613440699 -0.0027418114814594199 0.0027787792778531705 0.24283291062529611 8.7706446353857785 21.427021110452891 3.7395787637808962 0.50004669515070865
std 0.11468343125992969 0.15772107093001347 0.68658179903327976 0.13101964074332212 4.8394873215427072 10.362898634001034 1.2586170086514632 0.0048317072466354995
layers 3
layer 8 16 relu
0.3376232385635376 -0.14170090854167938 -0.0072544054128229618 0.071874998509883881 -0.78256165981292725 0.41172125935554504 -0.66534155607223511 -0.067249603569507599
-0.28770077228546143 0.48881474137306213 -0.90743029117584229 -0.07016928493976593 -0.26492983102798462 -0.9395902156829834 -0.2208041250705719 -0.19575582444667816
0.516399085521698 -0.25748869776725769 -0.25117385387420654 -0.30040955543518066 0.47647607326507568 -0.6862025260925293 0.067991085350513458 0.39884236454963684
-0.28181394934654236 0.042652927339076996 0.098907008767127991 0.15549080073833466 -0.69707322120666504 0.5043255090713501 -0.17808200418949127 0.27763873338699341
-0.378214031457901 -0.26527160406112671 0.25387254357337952 -0.076866127550601959 -0.075479805469512939 0.86407738924026489 0.033583592623472214 -0.10428382456302643
0.064540855586528778 0.2019074559211731 0.016075385734438896 0.049064043909311295 -1.4332123994827271 1.2031210660934448 0.041858095675706863 0.13152939081192017
-0.34510120749473572 0.73591077327728271 0.56802308559417725 0.20340017974376678 0.70065796375274658 -0.13833986222743988 -0.013193879276514053 -0.073905251920223236
0.092535436153411865 -0.88048672676086426 0.076945073902606964 -0.054541561752557755 -0.080735534429550171 0.21684877574443817 -0.066367454826831818 -0.1031695231795311
-0.13450348377227783 -0.19647125899791718 -0.14660473167896271 -0.020266018807888031 1.2583125829696655 0.18180638551712036 0.019754009321331978 -0.070142544806003571
0.19207310676574707 0.64364397525787354 0.057330619543790817 -0.015599543228745461 0.45578110218048096 -0.12552197277545929 0.013926059938967228 -0.59773838520050049
-0.55692118406295776 0.056174665689468384 -0.01607748307287693 -0.27664604783058167 -0.41477766633033752 0.32180672883987427 0.14756081998348236 -0.64831805229187012
-0.064112588763237 -0.87409162521362305 -0.18098777532577515 0.26054850220680237 0.5538983941078186 0.0033864295110106468 0.008854961022734642 -0.18920958042144775
0.0542459636926651 -0.22173327207565308 -0.12993933260440826 0.041577756404876709 0.25759205222129822 0.81125259399414062 -0.13068443536758423 -1.0733034610748291
-0.80471980571746826 0.08492472767829895 -0.27464267611503601 0.030444057658314705 -0.75573241710662842 -0.24168357253074646 -0.42317306995391846 -0.092687815427780151
-0.42489844560623169 0.63567829132080078 -0.41257995367050171 0.071155786514282227 0.36478528380393982 0.018947424367070198 -0.20925688743591309 -0.048476014286279678
-0.017031872645020485 0.54916673898696899 -0.10780035704374313 0.14365316927433014 -1.0441126823425293 0.44138467311859131 -0.086826592683792114 -0.35954621434211731
-0.19704964756965637 0.35316142439842224 -0.20153595507144928 0.51334989070892334 0.37121075391769409 0.15351299941539764 0.065925829112529755 -0.082762978971004486 -0.35484719276428223 0.34632119536399841 0.55837976932525635 0.11041481047868729 1.3203164339065552 0.4189017117023468 0.5250781774520874 0.16262590885162354
layer 16 16 relu
-0.43966600298881531 -0.26770249009132385 -0.042860422283411026 -0.04087509959936142 -0.23246705532073975 0.13804936408996582 0.57463455200195312 -0.3369344174861908 0.53482449054718018 -0.30669641494750977 0.26194822788238525 0.35545340180397034 0.69554442167282104 0.36585512757301331 -0.31898221373558044 -0.42782300710678101
0.050758831202983856 0.43140062689781189 0.36352500319480896 -0.33577018976211548 -0.29631310701370239 -0.43311628699302673 0.44064852595329285 0.11522012203931808 0.4102531373500824 0.1207110658288002 -0.011159620247781277 0.065705418586730957 0.31047967076301575 0.11222335696220398 -0.53559750318527222 0.032874245196580887
0.07367473840713501 -0.29212617874145508 0.15146441757678986 -0.4161088764667511 0.28405699133872986 0.060548212379217148 0.4370931088924408 0.36247265338897705 0.047153595834970474 0.2943650484085083 0.16579751670360565 -0.017460450530052185 -0.11367630213499069 0.5818445086479187 0.77699810266494751 0.74452340602874756
-0.62763297557830811 -0.24917265772819519 -0.052215453237295151 -0.45223668217658997 -0.46978697180747986 -0.90661805868148804 -0.12174718827009201 0.18701709806919098 0.3432171642780304 0.67021471261978149 -0.092008993029594421 -0.16549260914325714 -0.27910241484642029 0.39071044325828552 0.23404456675052643 0.24589456617832184
0.1358540803194046 -0.28829821944236755 0.49394536018371582 -0.15973317623138428 0.4480518102645874 -0.98666965961456299 0.29215538501739502 0.11604068428277969 0.15568509697914124 -0.35586035251617432 0.77778345346450806 -0.45337730646133423 -0.20134051144123077 0.32186383008956909 0.6074211597442627 -0.53035104274749756
-0.29858136177062988 0.02924022451043129 -0.26624321937561035 -0.16847608983516693 -0.14339733123779297 -0.12578569352626801 -0.1105894073843956 0.14184620976448059 -0.074938930571079254 0.11335685104131699 0.057304874062538147 -0.24788086116313934 0.031966120004653931 -0.25845098495483398 -0.20951449871063232 -0.033424451947212219
0.45056408643722534 -0.15801222622394562 -0.020495189353823662 -0.3503645658493042 0.17491273581981659 -2.8560872077941895 0.34209251403808594 -0.95494192838668823 0.30344840884208679 -0.22613246738910675 -0.31380316615104675 0.31199747323989868 0.13544647395610809 -0.33453881740570068 0.133400559425354 1.071399450302124
-0.81739509105682373 0.68918055295944214 0.046016305685043335 -0.28280800580978394 0.038223668932914734 -0.072964854538440704 0.039450593292713165 0.25109580159187317 0.18748791515827179 -0.060774113982915878 0.12858648598194122 0.12639519572257996 0.3462730348110199 0.58452606201171875 0.36097314953804016 0.3023148775100708
-0.13124279677867889 -0.10282111912965775 -0.017342980951070786 -0.30589333176612854 0.48937049508094788 0.60162991285324097 0.24439248442649841 -0.028858255594968796 -0.095650054514408112 0.14394673705101013 -0.72552263736724854 1.0157585144042969 -0.77524071931838989 0.46823775768280029 0.31583797931671143 -0.086654648184776306
-0.19928371906280518 0.37778583168983459 -0.30443614721298218 0.49344581365585327 0.2366628497838974 -0.2979620099067688 -0.52027535438537598 -0.55922019481658936 0.57990610599517822 -0.45016708970069885 0.23332977294921875 -0.5965006947517395 -0.0040954099968075752 0.25540205836296082 0.20891979336738586 0.43719050288200378
-0.041814960539340973 0.23772168159484863 -0.067591115832328796 -0.33474564552307129 0.52267849445343018 0.29510766267776489 -0.11361661553382874 0.87200391292572021 0.18283469974994659 -0.42169511318206787 0.52652889490127563 0.097799748182296753 -0.37034285068511963 -0.37805032730102539 0.7205357551574707 -0.28425055742263794
0.26587823033332825 0.55068475008010864 -0.36765202879905701 0.047285322099924088 0.032929796725511551 -0.16838780045509338 0.12898337841033936 -0.45320948958396912 0.55405974388122559 -0.13650305569171906 -0.15484216809272766 -0.39177748560905457 0.34069529175758362 0.21529664099216461 -0.4367997944355011 0.095176398754119873
0.2679365873336792 0.36796513199806213 -0.56810188293457031 0.38496369123458862 0.88123035430908203 0.4478699266910553 -0.1859784871339798 0.84781306982040405 -0.12815633416175842 -0.25053563714027405 0.075216330587863922 0.053780458867549896 -0.16026479005813599 0.079487212002277374 -0.32526317238807678 0.18692396581172943
-0.31152638792991638 -0.082760289311408997 -0.084345877170562744 0.061673145741224289 -0.11619135737419128 0.056760679930448532 -0.21344615519046783 -0.29562047123908997 -0.28463366627693176 -0.33521836996078491 -0.31063264608383179 0.21203401684761047 0.019250983372330666 0.23819532990455627 0.14644706249237061 -0.3284984827041626
-0.21014013886451721 0.0069161257706582546 -0.3710181713104248 0.78059196472167969 -0.37437623739242554 -0.61416268348693848 -0.56774431467056274 -0.59392201900482178 -0.13781394064426422 0.37519100308418274 0.14647820591926575 -0.15452425181865692 0.060162831097841263 0.1947723925113678 -0.16266976296901703 -0.38768136501312256
0.19348718225955963 -0.016864519566297531 0.49096378684043884 -0.92333585023880005 -0.13075388967990875 0.12168567627668381 0.52959030866622925 0.087379172444343567 -0.36409276723861694 0.10435988754034042 -0.27407342195510864 0.19042786955833435 0.63423174619674683 0.16939200460910797 -0.53844904899597168 0.69587820768356323
0.70619356632232666 0.47536933422088623 -0.0737900510430336 0.35919436812400818 -0.33289700746536255 -0.28966277837753296 0.16542007029056549 0.073013573884963989 -0.15767891705036163 0.38247889280319214 -0.57209908962249756 0.38086369633674622 -0.061216268688440323 -0.13006938993930817 0.54973047971725464 -0.15035226941108704
layer 16 1 sigmoid
-0.62784349918365479 -0.44299978017807007 0.34486100077629089 0.78042656183242798 0.65793782472610474 -0.052247505635023117 0.82921057939529419 0.49387827515602112 0.89635437726974487 -0.74701058864593506 0.79493331909179688 -0.52150726318359375 0.25703632831573486 0.14638432860374451 0.77516001462936401 0.8127095103263855
0.19263693690299988
