# go2_eskf slip MLP weights
# trained 2026-09-25T00:04:37 by auto_train_slip.py
# hidden=16 epochs=1500 rows=34664 runs=7
# source: run_20260924-231020.csv run_20260924-231711.csv run_20260924-231924.csv run_20260924-232308.csv run_20260924-233316.csv run_20260925-000101.csv run_20260925-000428.csv
# label = clip(|v_leg - v_truth| / 0.3, 0, 1)
# held-out check on run_20260925-000428.csv: candidate BCE 0.4796 vs previous 0.4796
input_dim 8
mean 0.039615553623292506 -0.0036562417650588381 0.0087070814566143021 0.26702533681454299 9.6089896455336525 23.188088460023533 3.8426825444784414 0.5
std 0.11663013117926445 0.22547835204929198 0.66620001456161104 0.17530118294411418 4.6137861329459691 9.6581787603316513 1.1949726574721347 1
layers 3
layer 8 16 relu
-0.22190649807453156 -0.35941329598426819 -0.24592651426792145 -0.51476156711578369 0.093130454421043396 0.72502148151397705 -0.56960374116897583 0.28032875061035156
-0.26194164156913757 -0.18518798053264618 -0.56901299953460693 0.82035785913467407 -1.0905702114105225 -1.4345027208328247 0.18699365854263306 0.013096880167722702
0.65602868795394897 0.76824802160263062 -0.54347580671310425 -0.5242273211479187 0.32903563976287842 -0.43024861812591553 0.21107298135757446 0.26456815004348755
-0.095743358135223389 0.12624320387840271 0.17877835035324097 -0.069876097142696381 -0.84456425905227661 0.55292856693267822 -0.40617108345031738 0.30547040700912476
-0.073432363569736481 0.09912274032831192 -0.28462830185890198 -0.44760757684707642 -0.26992806792259216 0.79374337196350098 0.58546775579452515 0.17135761678218842
-0.34941056370735168 0.011847967281937599 0.22264964878559113 -0.7856372594833374 -0.28856965899467468 -0.14690999686717987 0.84462976455688477 0.20729584991931915
-0.52148258686065674 0.50305944681167603 -0.46040159463882446 0.49066555500030518 0.5981069803237915 0.093466825783252716 0.38335570693016052 -0.20817306637763977
0.023752510547637939 -0.95081412792205811 0.082412883639335632 -0.10827095806598663 -0.079975694417953491 -0.061077356338500977 -0.0056615769863128662 0.10681098699569702
0.096135996282100677 0.36432740092277527 0.03975256159901619 0.17152035236358643 1.8027405738830566 0.43102562427520752 -0.028462473303079605 -0.12956660985946655
0.61497670412063599 0.54238402843475342 0.35172808170318604 0.3327968418598175 0.33498594164848328 0.030946275219321251 -0.14864782989025116 -0.22118489444255829
-0.52262121438980103 0.075357526540756226 0.027958594262599945 -0.25498846173286438 -0.83281844854354858 0.69469332695007324 0.076481550931930542 -0.1618414968252182
-0.32587188482284546 -0.86988776922225952 0.0053403051570057869 0.033835042268037796 -0.25033873319625854 0.33882862329483032 -0.036632273346185684 -0.22934898734092712
0.12408465892076492 -0.85179847478866577 -0.050629891455173492 0.039910558611154556 0.82328730821609497 0.15213008224964142 0.44255360960960388 -0.088984005153179169
-0.76912367343902588 0.32730004191398621 -0.045132860541343689 -0.12121564149856567 0.56933903694152832 -0.17915955185890198 -0.2142602950334549 0.2097906619310379
-0.64089787006378174 0.81181257963180542 0.2825387716293335 -0.45252513885498047 0.15915651619434357 -0.23161774873733521 -0.013449424877762794 0.083853766322135925
0.090465925633907318 0.36722606420516968 -0.13655415177345276 0.045432277023792267 -0.98715806007385254 0.50712317228317261 -0.024787845090031624 -0.17222057282924652
0.12005472183227539 -0.016398478299379349 -0.33389133214950562 0.5680156946182251 0.41165667772293091 -0.41871383786201477 0.16463910043239594 -0.23957069218158722 -0.59977471828460693 -0.039849899709224701 0.3524911105632782 -0.017220042645931244 1.1094193458557129 0.17296195030212402 0.55832266807556152 -0.1638684868812561
layer 16 16 relu
0.47089123725891113 -0.4782480001449585 0.32563117146492004 0.2483815997838974 -0.18994916975498199 -0.09908120334148407 -0.3896540105342865 0.27312740683555603 0.43047672510147095 -0.61516398191452026 0.86875623464584351 -0.35475581884384155 0.38015973567962646 -0.43741393089294434 0.26429149508476257 -1.4181840419769287
-0.038904096931219101 0.76344478130340576 -0.26477321982383728 -0.10466140508651733 -0.061398543417453766 0.0060247266665101051 0.33013948798179626 -0.28185835480690002 0.37268251180648804 -0.34483656287193298 0.26046100258827209 -0.1555505245923996 0.4442913830280304 0.22105741500854492 -0.078746102750301361 -0.4883495569229126
0.31072509288787842 -0.054168239235877991 0.56252717971801758 -0.75065356492996216 0.14863446354866028 -0.33335185050964355 0.29221412539482117 1.266208291053772 0.19379396736621857 0.1006251648068428 -0.1396203488111496 0.4606415331363678 -0.55499482154846191 -0.19598355889320374 1.0127272605895996 0.50989282131195068
-0.45481738448143005 -0.032944634556770325 -0.51684892177581787 -0.38706588745117188 -0.52368271350860596 0.099654369056224823 0.19633924961090088 0.2184002697467804 0.68768447637557983 0.088628150522708893 -0.52606755495071411 0.33120870590209961 -1.4382717609405518 0.28941163420677185 0.22091026604175568 1.3461809158325195
-0.10916983336210251 0.037646207958459854 -0.097781449556350708 -0.17418625950813293 0.13320930302143097 -0.7131161093711853 -0.31210270524024963 0.51339095830917358 -0.086791880428791046 -0.053592279553413391 0.75084275007247925 0.57172477245330811 -0.058361116796731949 0.75467336177825928 0.94710862636566162 0.24930761754512787
-0.30176252126693726 0.020951628684997559 -0.26687392592430115 -0.16834151744842529 -0.083879083395004272 -0.13655655086040497 -0.11071377247571945 0.12621629238128662 -0.0833163782954216 0.11291580647230148 0.062363963574171066 -0.25125351548194885 0.030131066218018532 -0.26308262348175049 -0.2046731561422348 -0.034838404506444931
-0.094492264091968536 0.15536351501941681 -0.33882507681846619 0.24436210095882416 -0.27308037877082825 -0.37327373027801514 0.64117753505706787 -0.47718310356140137 0.38622629642486572 0.89758288860321045 -0.8682713508605957 -0.34286460280418396 0.13238038122653961 0.38737753033638 -0.23125724494457245 1.1351964473724365
0.16290687024593353 0.50579065084457397 0.14935088157653809 -0.6533617377281189 -0.58536666631698608 0.39113202691078186 0.11799363046884537 0.44219079613685608 0.83881181478500366 -0.31946536898612976 -0.32663726806640625 0.43991422653198242 0.097802795469760895 -0.027242377400398254 0.2084909975528717 0.42725437879562378
-0.27814728021621704 0.25464046001434326 -0.24119363725185394 -0.83657300472259521 0.31340554356575012 -0.46068701148033142 0.018679661676287651 0.30378976464271545 0.4929470419883728 0.27126806974411011 0.28954929113388062 0.76322847604751587 -0.55659371614456177 0.17747978866100311 0.055849917232990265 0.26075294613838196
-0.015098619274795055 0.5353509783744812 -0.096427313983440399 0.36945399641990662 -0.10299571603536606 0.039615832269191742 -0.062404390424489975 -0.27528426051139832 0.16902384161949158 -0.089180268347263336 0.31661343574523926 0.057112235575914383 -0.066310308873653412 -0.043167851865291595 -0.16686582565307617 0.41633149981498718
0.38442167639732361 -0.12031768262386322 0.12709875404834747 0.22071772813796997 0.7787899374961853 0.18810164928436279 -0.56433701515197754 0.70898616313934326 0.19494867324829102 -0.47515162825584412 0.13271728157997131 0.30876541137695312 0.25365146994590759 0.21374934911727905 0.53310376405715942 0.37820085883140564
0.1600799560546875 0.79765903949737549 -0.34111779928207397 0.050422687083482742 0.16718973219394684 0.3677557110786438 0.31217873096466064 -0.040710262954235077 0.35412889719009399 -0.51920521259307861 0.02190377376973629 -0.26663488149642944 0.44342344999313354 0.14766249060630798 0.034903697669506073 -0.28225338459014893
1.007260799407959 0.60492247343063354 -0.30082207918167114 0.39587962627410889 -0.13676433265209198 -0.20077884197235107 -0.17434798181056976 0.36798760294914246 -0.068533837795257568 0.41163316369056702 0.39293503761291504 -0.35189586877822876 0.033348958939313889 -0.3767622709274292 -0.08234337717294693 -1.0790703296661377
0.01301269605755806 0.5315704345703125 -0.82224923372268677 0.3379875123500824 0.20530964434146881 0.2532992959022522 -0.24782423675060272 0.704417884349823 0.069432452321052551 0.12258286029100418 -0.37195158004760742 0.39054635167121887 0.30065092444419861 0.064392611384391785 0.093172147870063782 -0.25068199634552002
0.33974069356918335 0.01500774547457695 -0.68169617652893066 0.82280588150024414 -0.26562735438346863 -0.41070669889450073 -0.65050482749938965 0.63986903429031372 0.827015221118927 0.78276664018630981 0.21359105408191681 -0.18020771443843842 0.26190260052680969 0.25482434034347534 0.35801944136619568 0.39010468125343323
0.34511977434158325 0.045019175857305527 0.093529261648654938 0.07307007908821106 -0.30792388319969177 0.38068976998329163 0.31040427088737488 0.72918307781219482 0.24276420474052429 0.016241917386651039 -0.28951838612556458 -0.10014639794826508 0.4051746129989624 -0.66078692674636841 -0.39915952086448669 -0.30754438042640686
0.6036834716796875 0.34795534610748291 -0.28136861324310303 0.020999407395720482 -0.20408222079277039 -0.29143619537353516 0.29237735271453857 0.2426379919052124 -0.58074325323104858 0.45379364490509033 -0.20559406280517578 0.20860645174980164 -0.20575718581676483 0.34459638595581055 -0.061697117984294891 0.19556395709514618
layer 16 1 sigmoid
-0.59827834367752075 -0.45649701356887817 0.60431206226348877 1.0575459003448486 0.78825223445892334 -0.053110815584659576 0.67730140686035156 0.65346592664718628 0.70095443725585938 -0.56530821323394775 0.50000399351119995 -0.55638110637664795 0.39505401253700256 0.45835185050964355 -0.57271641492843628 0.452036052942276
0.34161651134490967
